12
14
54
416
27
575
75
727
478
757
575
125
151
31
57
5874
5262
42
34
2
34262
4
23462
4262
413
41651
34
32652
42
63
46543
5
3
5
32536
345
34
53
53535
352
35
3
53
632
5
25
2
642
652
62
54
262
46454
8653
3465
3634
52
45
46
25
246
245
26
245
24
62
45326
24
2
43654
764
223
654262
412212
34
5
4353252
3413
5141351
4444
4424
442345
444442
31453
436514
13413
4151
5111
1111
1333
313
13354
1343
5123
4152
1413
51424
315314
4135
135351
45314
134
134
1351
3421
3143
4123
1243
131
24
15
56423
6234
263
453
4
76
4354
35
547
787
8
14
7
785
54
747
4
843
23444
232
23232
11
23
13
123
12
435
2466
236765
23446
6542
5842
25
26435
6234
242
25
24
234551
1313
131
31
313
212
1342
3241
13141
15413
4
141
5134
15
13
15
132
15
13
151
1
431
51
43
151
32
151
31
51
3
143
1413
4143
414
1342
3241
13141
15413
54134
3441
4452
24445
2436
425
43425
4425
3454
215
3977
78754
289
723
7897
23
97
538
6897
54
7278
65
727
45478
56787
2737
7872
7378
32757
3758
37527
78
23738
7387
52378
375
727
8
2737
27
7587
238
742
87
428
74
2387
428
742
874
287
42
78
74
54134
3441
4452
24445
2436
425
43425
4425
34542
418
4887
1587
188
246
2476
7654
2468526
64678
465
7415
8528
7454
74858
56238
5628
5248
255752
84155
8745568
45874
87524
52185
85474
5485
785
78589
7458
7458
57
78
7567
7875412
44421
7578
5427
572584
1278127
124574
57854
457
5427
278424
7454857
724524
2754
578233
712725
2784214
27582